[-1.66725749  0.06488523 -0.01576042]
[-0.06922334 -0.09134626  0.00950802]
[-0.06873104 -0.10034797  0.00994682]
[-0.08017209 -0.1054323   0.0265253 ]
[-0.05794275 -0.09350817  0.03560405]
[-0.0784106  -0.10586528 -0.003906  ]
[-0.06879757 -0.0911148   0.01651775]
[ 1.66927802 -0.06794541  2.93084505]
[-0.06901574 -0.08721872  0.00814709]
[-0.06710908 -0.10327235  0.00766954]
[-0.06453305 -0.10394243  0.0172136 ]
[-0.06487609 -0.08999564  0.00979377]
[-0.07084845 -0.09372453  0.00729009]
[-0.06513847 -0.09800418  0.02016352]
[-0.06854141 -0.11532757  0.01524658]
[-0.06522424 -0.06887611  0.00312713]
[-0.07476099 -0.10071344  0.01361332]
[-0.08678711 -0.12735796  0.00961351]
[-0.06779492 -0.09103534  0.00525778]
[-0.08404069 -0.10736219  0.02211669]
[-0.08523112 -0.10982443  0.01460525]
[-0.06624286 -0.11847475  0.01287061]
[-1.66592813  0.06669961 -0.01875197]
[-0.08306996 -0.11110245  0.0214051 ]
[-0.06192248 -0.07776258  0.01892612]
[-0.04206191 -0.09295983  0.021144  ]
[-0.06371382 -0.09731414  0.006816  ]
[-0.06657628 -0.09430498  0.00842053]
[-0.06370613 -0.09271743  0.01029381]
[-1.66865573  0.0634386  -0.00686426]
[-1.67087698  0.06410689 -0.05277636]
[-0.06503783 -0.11587331  0.01557109]
[-0.06881603 -0.09457359  0.00933098]
[-0.05843199 -0.07064734  0.01354915]
[-0.06674394 -0.09062657  0.01758303]
[ 1.4933129  -0.08308827 -1.24075245]
[-2.5173663   0.13489466  0.0563231 ]
[-0.05727304 -0.07329748  0.00274817]
[-0.06770773 -0.08497987  0.00850496]
[-0.05605413 -0.06957274  0.0149761 ]
[-0.08164562 -0.10715902  0.01241294]
[-2.58511534  0.10711449  0.06539377]
[-0.06441594 -0.09536608  0.01275531]
[-0.06126978 -0.1129994   0.02142253]
[-0.06558036 -0.08187654  0.00952227]
[-0.06112926 -0.07305169  0.02552554]
[-0.0707254  -0.11038674  0.01746469]
[-0.08885523 -0.10444431  0.00700207]
[-1.66629618  0.06383069 -0.00970575]
[-0.06768922 -0.09202791  0.00769993]
[-0.06213164 -0.09019985  0.00922847]
[-0.08971186 -0.10090189  0.01375243]
[-1.50006992  0.03229471  1.77302951]
[-0.06513638 -0.08874125  0.01564949]
[-0.06897239 -0.10888129  0.00774743]
[-0.06929278 -0.12913545  0.02926855]
[-0.06478843 -0.11502544 -0.00511189]
[-0.06078256 -0.10201921 -0.00399742]
[-0.06564407 -0.09244656  0.01053882]
[-0.06897381 -0.08689644  0.01298833]
[-0.05890574 -0.08701163  0.02342008]
[-0.0608767  -0.08914413 -0.00552563]
[-0.05541373 -0.08329916  0.00453399]
[-0.08474109 -0.10342886  0.00987575]
[-0.05816515 -0.07780793  0.0083488 ]
[-1.66671253  0.06911448 -0.01221304]
[-0.08857212 -0.10138184  0.0123254 ]
[-0.06887127 -0.11002282  0.00434235]
[-0.06434884 -0.09253757  0.01053307]
[-0.06445015 -0.09467991  0.01815941]
[-0.06651389 -0.09677517  0.01087118]
[-0.06537227 -0.08201433  0.00644829]
[-1.646753   -0.08735634 -1.33462455]
[-0.06114509 -0.08063741  0.0083251 ]
[-0.06112189 -0.08628178  0.01048332]
[-0.06970532 -0.09077859  0.00984024]
[-0.06988239 -0.10681454  0.0079865 ]
[-0.08453745 -0.10146849  0.01144554]
[-0.06687015 -0.09607303  0.00853162]
[-1.66746791  0.06652981  0.00230373]
[-0.07037358 -0.08779028  0.00941934]
[-1.66154785  0.06576356  0.02245622]
[-1.66386787  0.065425   -0.01651327]
[-0.07067757 -0.09064299  0.00966409]
[-0.08996573 -0.09766724  0.00998264]
[-0.06261998 -0.11129777  0.03357992]
[-1.66341188  0.06845305 -0.01340416]
[ 1.56319943 -0.12288534 -2.30533879]
[-0.08645366 -0.1108186   0.00813355]
[-0.06679082 -0.0878886  -0.00406987]
[-1.66983574  0.06999521  0.00222419]
[-0.08908046 -0.10683243 -0.00817442]
[-0.06143069 -0.07052677  0.00010762]
[-0.06917834 -0.09552977  0.01266833]
[-0.07977474 -0.10210872  0.01081103]
[-0.0666648  -0.07781477  0.01329947]
[-0.08172508 -0.11277627  0.02086264]
[-0.07088962 -0.0883674   0.00834803]
[-0.057057   -0.07695861  0.02187867]
[-0.08193432 -0.10528744  0.01450065]
[-0.06391012 -0.09099233  0.00221675]
[-0.05875781 -0.08951896  0.01226281]
[-0.06719515 -0.09159845  0.00614235]
[-0.06112952 -0.0912875   0.01575068]
[-0.08594906 -0.11629615  0.01317911]
[-0.06101731 -0.09449341  0.01847777]
[-0.06142967 -0.0931203   0.01405962]
[-0.06188222 -0.08305277  0.00122946]
[-0.06703819 -0.09553902  0.00915981]
[-0.06607267 -0.09065158  0.01760551]
[-0.08984227 -0.09836889  0.01461543]
[-0.05458511 -0.08645024  0.03180921]
[-1.67396335 -0.05652838 -1.18354284]
[-0.06381894 -0.09021267  0.01067838]
[-0.06661963 -0.09334323  0.01229404]
[-0.05578722 -0.08391572  0.0100194 ]
