0.2596147
0.04412968
0.04665996
0.050108403
0.045190517
0.049797814
0.043099113
0.22986105
0.044064585
0.045899715
0.048888236
0.043402236
0.045455724
0.044525452
0.050516218
0.038327385
0.047164287
0.07268506
0.043738462
0.070330024
0.07033346
0.05650873
0.25950423
0.07058635
0.040352345
0.036433592
0.046536356
0.044566065
0.042908188
0.2601779
0.25884518
0.05031598
0.044279642
0.03847981
0.043551516
0.22351764
0.07444687
0.039761476
0.04337677
0.039573032
0.06909967
0.07127856
0.047199376
0.048273318
0.040787436
0.038708143
0.050094947
0.06924402
0.25842282
0.0431123
0.04338039
0.06997008
0.22095399
0.04319414
0.048411667
0.05742281
0.049699426
0.043835584
0.04357635
0.042852443
0.04142931
0.044623982
0.0375907
0.06885771
0.03929243
0.25900415
0.06873704
0.049409352
0.043730035
0.04381154
0.044443235
0.044343084
0.22311284
0.04051713
0.04048131
0.043134652
0.04739674
0.06890178
0.04487664
0.2549981
0.04378199
0.26318493
0.25955734
0.044041537
0.068907216
0.04906118
0.24349572
0.23620977
0.07018189
0.04502547
0.2446245
0.0699638
0.037181832
0.04465024
0.06909598
0.04233046
0.07036574
0.04373851
0.040315636
0.06909221