0.04908845
0.06618639
0.043121
0.06318001
0.06563712
0.03709475
0.06616176
0.06524037
0.06558032
0.058969732
0.04352019
0.06351855
0.07030875
0.06524896
0.06546798
0.06084431
0.06961267
0.06784559
0.06517699
0.07331999
0.065023996
0.0657783
0.0653968
0.035150964
0.036651712
0.04721505
0.06911326
0.070744686
0.06363812
0.07237138
0.041582562
0.04481304
0.035473235
0.06587944
0.06733634
0.07034809
0.066754006
0.0698359
0.070562445
0.0653101
0.06989754
0.06825835
0.06589646
0.033221666
0.07259147
0.068051144
0.066363215
0.066172406
0.07165955
0.037704736
0.066490255
0.061627842
0.065556824
0.06114785
0.06260563
0.058673564
0.06814489
0.06649617
0.06868147
0.07099602
0.071215205
0.037138425
0.06786123
0.045803927
0.06563614
0.06509368
0.0677556
0.0725319
0.070951626
0.045985505
0.07016028
0.072201855
0.044317856
0.06957022
0.059646577
0.0686278
0.06302813
0.07607087
0.064860575
0.06303072
0.07054635
0.07120646
0.040784653
0.05973744
0.06798553
0.04857043
0.071116
0.06957195
0.06474386
0.066881046
0.04529307
0.03651224
0.07190134
0.06786392
0.06972867
0.05940651
0.06775748
0.07236107
0.06483981
0.06435151