[0.00024941 0.21471922 0.01573897]
[ 1.54511721e-04  3.20259246e-01 -5.15886433e-03]
[ 7.45112881e-05  1.88787729e-01 -9.08363106e-03]
[0.00043112 0.30655547 0.00225969]
[0.00046727 0.31362727 0.00655964]
[-0.00080173  0.13246666  0.00716264]
[-1.31610631e-04  3.19272588e-01  1.30117754e-02]
[0.00084259 0.31729536 0.00454515]
[-0.00109814  0.29556631 -0.00121481]
[-1.85383799e-04  2.90199762e-01 -4.46767213e-03]
[-1.17135659e-05  1.88739921e-01 -1.40243014e-02]
[ 0.00131196  0.30699797 -0.02060358]
[1.46591594e-04 3.16569191e-01 3.26603378e-05]
[1.79267625e-04 3.16758086e-01 6.48920846e-03]
[-1.05601145e-04  3.16578141e-01 -1.01087481e-02]
[-0.0004258   0.29494548  0.01101522]
[-7.43564256e-04  3.13962087e-01 -2.34079772e-04]
[-0.00122674  0.32679386 -0.01145749]
[-0.00063644  0.29433409  0.00466654]
[-9.59182097e-05  3.27563941e-01  1.48957811e-02]
[-1.60452335e-04  3.14665078e-01 -9.69871752e-03]
[0.00036511 0.31947485 0.00396828]
[-2.02522325e-04  3.14889170e-01  7.76577981e-03]
[ 0.00049981  0.12701726 -0.0087138 ]
[-0.00039424  0.13065255 -0.01243779]
[-0.00060213  0.17569251 -0.00155378]
[-0.0006351   0.3099038  -0.01230567]
[-0.00045264  0.31977415  0.00391443]
[1.08855879e-04 3.10389845e-01 2.50248663e-04]
[-0.00057621  0.32442905 -0.00269303]
[-7.02997129e-05  1.49162460e-01 -9.57582520e-03]
[0.00064248 0.19691147 0.00673871]
[-0.00014443  0.12876556  0.0089323 ]
[-0.00043008  0.31675128 -0.01414487]
[ 0.00201283  0.30607845 -0.01044729]
[0.00178085 0.31631483 0.00438126]
[-7.52118419e-07  3.00210610e-01  7.14612065e-03]
[-0.00047681  0.31534284  0.00127785]
[ 1.54178906e-04  3.18259888e-01 -7.44843547e-03]
[ 0.00088917  0.29669622 -0.00503798]
[-0.00052365  0.33689464 -0.00822189]
[-9.09723552e-05  3.07151083e-01  1.27378448e-02]
[-0.00077426  0.31611953  0.00050619]
[ 0.00033674  0.11627521 -0.00269488]
[-0.00042121  0.31744738  0.015772  ]
[ 0.00111363  0.32893905 -0.00692748]
[-2.59258896e-05  3.00521194e-01  8.44201949e-03]
[ 0.00036834  0.31960678 -0.01627252]
[ 0.00041321  0.32049616 -0.02962207]
[0.00014159 0.13663927 0.00519001]
[0.00113208 0.29851527 0.00583612]
[ 0.00103452  0.3006333  -0.0079941 ]
[-7.21985757e-05  3.17378321e-01 -1.17963414e-03]
[0.00134809 0.29673122 0.00222845]
[-7.91002965e-05  3.02192721e-01  9.76285819e-03]
[-0.00048753  0.2853763   0.00363986]
[5.14614699e-05 3.07103300e-01 2.84943211e-03]
[-2.82354106e-04  2.99649084e-01 -1.78564340e-03]
[ 0.00048959  0.30935175 -0.00050414]
[3.00890236e-04 3.21463471e-01 3.56616111e-03]
[0.00055482 0.34132328 0.00530175]
[0.00036683 0.16288917 0.01851958]
[0.00036354 0.30526947 0.00329587]
[0.00072654 0.17148207 0.00664946]
[ 0.00044827  0.29508863 -0.01035076]
[0.00051107 0.2900639  0.02371816]
[0.00070223 0.30484431 0.00675953]
[-2.13230186e-04  3.51801660e-01 -1.26519252e-02]
[ 0.00156066  0.31941467 -0.00082817]
[0.00089486 0.20038156 0.00971056]
[-0.00138161  0.31399074 -0.01137049]
[0.0003745  0.32311152 0.00914969]
[-0.00109755  0.19370217 -0.00286154]
[-3.82714332e-05  3.34279507e-01 -2.63234539e-02]
[0.00089076 0.28845894 0.01361977]
[-1.79635850e-04  3.03508254e-01 -2.38334020e-02]
[-5.21062921e-05  3.04270479e-01  1.66298434e-03]
[0.00083571 0.34335083 0.00956965]
[ 1.00688680e-05  3.13921338e-01 -7.26363996e-03]
[-0.00123066  0.30697015  0.00215781]
[ 0.00105729  0.31638249 -0.02069956]
[-0.00037815  0.32347038 -0.00242742]
[ 0.00068951  0.1494452  -0.00376171]
[-0.00098809  0.2913891  -0.00157756]
[0.00140442 0.32828625 0.00908555]
[-0.0004892   0.21346146 -0.00040176]
[0.0011226  0.32203367 0.00074804]
[1.89126611e-04 3.12843071e-01 3.01437042e-03]
[-0.00119659  0.28752143 -0.00415787]
[7.46701920e-04 3.23072357e-01 7.82405976e-05]
[-0.0005271   0.19786549 -0.00471571]
[-0.00042728  0.1299922   0.00308585]
[-4.19209509e-05  3.26552785e-01  3.38231745e-03]
[0.00048362 0.32907712 0.00557706]
[2.01818062e-04 3.37487505e-01 2.29844403e-03]
[-2.25847180e-04  2.89304884e-01 -7.39422753e-03]
[-2.91942859e-04  3.02306906e-01 -2.04817044e-02]
[-0.00034151  0.32519991  0.01587798]
[0.0018197  0.29095257 0.01088535]
[ 0.00048974  0.31198007 -0.00297414]
[ 0.00042065  0.30817518 -0.00927433]
[-1.07396984e-04  3.26270510e-01 -4.35307865e-05]
[1.12705322e-04 1.34932938e-01 6.68885919e-04]
[-3.98207178e-05  1.84048635e-01  1.06995087e-03]
[-0.00027964  0.13846826  0.00135816]
[ 2.37035856e-04  3.03242938e-01 -1.35589241e-03]
[2.02217513e-05 2.14076099e-01 1.33958024e-02]
[0.0006181  0.12663851 0.0065189 ]
[ 4.20672294e-05  3.47213595e-01 -1.24471608e-02]
[ 0.00082976  0.31532598 -0.0065836 ]
[ 0.00064132  0.30028442 -0.01104787]
[9.72267994e-06 3.03931336e-01 8.38093496e-04]
[-0.00047159  0.34576954  0.00759529]
[-0.00183515  0.31481363 -0.00682064]
[-1.99166369e-04  3.15189129e-01 -2.79498650e-03]
[0.00023011 0.21777537 0.00269115]
[2.36692479e-04 3.19144633e-01 9.40778978e-03]
[-1.27256246e-04  3.36162753e-01 -1.65351784e-03]
[ 0.00070828  0.29319163 -0.00889269]
[ 0.00119608  0.31030252 -0.0048538 ]
[1.58007137 0.00222853 1.11546953]
[ 0.00039092  0.33109989 -0.00209328]
[-7.15204767e-04  2.09356262e-01  8.38326654e-05]
[-3.07986969e-05  3.01356534e-01  7.88581544e-03]
[ 1.25117465e-04  3.22069427e-01 -1.76471764e-03]
[-0.0007239   0.31436403 -0.00482928]
[0.0004919  0.32964569 0.00858613]
[ 1.25893183e-04  3.32320611e-01 -1.16213529e-03]
[ 0.00101048  0.33436304 -0.02044573]
[-2.08132840e-04  3.00079079e-01  2.42752831e-03]
[-0.00050166  0.31411141 -0.00862963]
[-1.67942895e-04  2.99203341e-01  5.84882325e-03]
[ 2.96179955e-04  3.08574552e-01 -7.35088116e-03]
[ 3.14588130e-05  3.44198441e-01 -1.09017039e-02]
[-0.00106416  0.32772585 -0.01024604]
[2.86894857e-04 3.42730135e-01 7.62314908e-03]
[-0.00076724  0.30892122  0.01393519]
[3.75400279e-05 3.13356754e-01 4.50826836e-04]
[1.15917509e-04 3.14379311e-01 5.36912407e-03]
[0.00120906 0.30592147 0.00287192]
[-7.08625853e-05  3.34163989e-01 -7.49944485e-04]
[ 0.00087983  0.32851207 -0.00139706]
[-1.92917716e-04  3.00475842e-01 -2.10388684e-03]
[ 1.58792164e-05  3.01983418e-01 -3.10611884e-03]
[ 0.00105046  0.31767691 -0.00186225]
[-1.95853227e-04  3.26463235e-01 -1.03090910e-02]
[-2.19402340e-04  3.20240719e-01 -1.13075375e-02]
[5.53962391e-05 2.43976956e-01 4.37591998e-03]
[-4.61817014e-05  2.95407237e-01  8.53472213e-03]
[-0.00105591  0.30548645 -0.01131312]
[-0.00065404  0.30994234  0.00288336]
[ 1.10192152e-06  3.01035295e-01 -4.45586726e-03]
[-0.0003248   0.30296296 -0.00580509]
[-0.0009771   0.32230079  0.00811325]
[-9.46120314e-05  3.08334925e-01  1.27828902e-03]
[ 0.00051009  0.33229176 -0.0127894 ]
[0.00131578 0.32979682 0.00618028]
[-2.74085997e-04  3.17067008e-01  8.09579477e-03]
[0.0004909  0.30205221 0.00415427]
[0.00073506 0.28759074 0.00597612]
[-2.37072473e-04  3.09114030e-01 -7.72795542e-03]
[ 1.07784126e-04  3.27932846e-01 -6.41547073e-04]
[-2.29703559e-04  3.33726578e-01  1.32160986e-03]
[0.00134505 0.32723282 0.01372064]
[1.18731321e-04 2.87422508e-01 9.83724080e-04]
[0.00056143 0.14735632 0.01255846]
[0.00080933 0.30971655 0.00213757]
[ 0.00143302  0.28511727 -0.00668636]
[0.00111454 0.31622984 0.01335986]
[3.04727536e-04 3.05822904e-01 4.32902205e-03]
[0.00138706 0.19244129 0.00307432]
[-0.00035202  0.30834101  0.00611368]
[ 7.22471443e-05  1.65953762e-01 -1.00213932e-02]
[ 0.00110615  0.16229159 -0.00801928]
[ 0.00108848  0.33522499 -0.00322158]
[-0.00128029  0.32331895 -0.00736067]
[ 5.88176236e-05  3.37292702e-01 -6.75814684e-03]
[-0.0008749   0.33413696 -0.00373344]
[-1.61693101e-05  1.91907303e-01 -8.67927794e-03]
[-0.00071198  0.33146533 -0.00793183]
[ 0.00122452  0.3387313  -0.00481998]
[-0.00051102  0.34106413  0.01088206]
[ 0.00145563  0.33301138 -0.00597583]
[-3.07530183e-04  3.42556674e-01 -2.22869364e-03]
[-1.21824372e-03  3.05043219e-01 -1.81414809e-04]
[0.00062934 0.32331725 0.00137476]
[ 7.26936195e-05  2.89787049e-01 -4.11777519e-04]
[-6.52731509e-05  3.29218037e-01 -4.12926763e-03]
[-0.00042419  0.28929207  0.00155833]
[ 0.00031968  0.31033566 -0.00619385]
[0.00048875 0.18500152 0.00670575]
[-0.00106373  0.32092065 -0.02373678]
[-2.92787678e-05  2.11181877e-01  1.34805673e-03]
[-7.88966574e-05  3.13397625e-01  5.77532756e-04]
[-0.00135106  0.31615964  0.01256898]
[-2.92893991e-04  3.32168542e-01  6.99966309e-04]
[0.00070445 0.30888598 0.01455167]
[-0.00104299  0.29528354  0.00315288]
[-0.00043705  0.1202159   0.00860483]
[2.02645559e-04 3.12496520e-01 6.98564959e-03]
[-0.00152292  0.29098156 -0.00109518]
[-0.0007918   0.18954674  0.00620836]
[-0.00031506  0.19363464  0.00230882]
[ 2.22842058e-04  3.22315501e-01 -1.02353380e-02]
[0.00056737 0.31657012 0.00073722]
[-7.07023474e-05  3.14462325e-01  2.29462948e-03]
[-0.00035157  0.33239127 -0.00931593]
[-0.00049357  0.12892654 -0.0102008 ]
[-0.00077534  0.13135909  0.00833018]
[-0.00033421  0.31949396  0.00181231]
[0.00051778 0.18308027 0.00116073]
[-0.00125036  0.32096691 -0.01191134]
[-3.11742028e-04  3.13209218e-01  9.46346571e-03]
[4.24356031e-05 3.06633147e-01 1.04571206e-03]
[ 0.00038849  0.31319793 -0.00646436]
[ 0.00184791  0.2877265  -0.02315033]
[ 0.00083328  0.28689539 -0.00817968]
[ 0.00135184  0.33744907 -0.01704013]
[-0.00025131  0.19925991 -0.01022129]
[0.00035039 0.30400768 0.00218409]
[-1.84627576e-04  3.03563625e-01  9.51219275e-03]
[-8.49934347e-06  3.20439060e-01  4.26891560e-03]
[ 0.00060457  0.31068108 -0.0041639 ]
[ 1.74514615e-04  3.09334754e-01 -1.65477817e-03]
[-0.00045668  0.29490356 -0.00818894]
[ 4.81486316e-05  1.37682610e-01 -3.40413875e-03]
[0.00063056 0.30311816 0.00984692]
[2.15290374e-04 2.78349575e-01 1.58572450e-02]
[ 8.71155816e-04  3.42607909e-01 -2.41138146e-04]
[ 0.0004479   0.32816472 -0.0117638 ]
[-0.00054318  0.31759559 -0.00916485]
[0.00039044 0.31957586 0.00425121]
[-1.32302928e-04  3.04180449e-01 -1.73230928e-02]
[-0.00086177  0.31160126 -0.02200057]
[ 0.00031802  0.31005625 -0.00342302]
[0.0010201  0.31466339 0.01420628]
[ 5.64393799e-06  2.01890659e-01 -8.26491396e-03]
[-0.00058139  0.11948872 -0.00604278]
[0.00034209 0.34102242 0.01405605]
[ 1.83470227e-04  3.16768978e-01 -4.36207194e-04]
[0.0007166  0.3102861  0.01517753]
[ 8.89783490e-05  3.19350143e-01 -9.89545622e-03]
[-0.00077978  0.31308132  0.0022571 ]
[-0.00114399  0.3007997   0.00317492]
[-0.00067348  0.13162285 -0.01195224]
