[ 1.75013471 -0.0466137  -1.51931986]
[-1.46465410e+00  9.01970764e-04 -1.67404733e+00]
[1.4549911  0.13070799 0.02269029]
[-1.20471298  0.00277215  1.58341639]
[-1.29627968 -0.00633842  1.51966985]
[ 1.39377033 -0.01409512  0.17914476]
[ 1.6089323  -0.11906509  2.15106217]
[ 1.75581784  0.00808668 -1.39606773]
[-1.57192304e+00  7.94108969e-04  1.77820600e+00]
[1.54067477 0.0257156  0.93473727]
[-1.36188784  0.02491     1.09358317]
[1.55381483 0.06215777 2.07390871]
[-1.1092981   0.08758343 -1.80787216]
[-1.3670396   0.01167851 -1.2883966 ]
[-1.3841468  -0.04326446  1.75791915]
[ 1.5954897   0.03116137 -1.37091038]
[-1.26103634e+00  5.07752807e-04  1.62988506e+00]
[-1.2445242  -0.04976403  1.73326572]
[-1.50132741 -0.33165063  0.00966415]
[-1.22819513  0.15808202  0.86101898]
[ 1.94536537 -0.06972599  2.03683715]
[-1.56447552  0.02759503  0.18470077]
[-1.2740021   0.06552107  1.25974497]
[-1.32211934  0.05834098  1.44325567]
[-1.73589497  0.01040177 -0.30392264]
[ 1.30449476  0.18542133 -0.71510462]
[1.6261236  0.05754336 0.04511445]
[ 1.42004121  0.00456774 -1.52144012]
[1.48376544 0.22108492 0.13087473]
[-1.01838859  0.02092763  1.56473758]
[-1.50040117 -0.03775016  0.95066539]
[-1.32368951  0.01045463  1.53248077]
[-1.4857869   0.03424875  1.9084672 ]
[-1.60673419 -0.05199833 -0.38462216]
[-1.40895856  0.06447249  1.43919247]
[1.49805899 0.00436872 1.47887748]
[ 1.57224205 -0.07984102  1.33496111]
[ 1.70796754 -0.01662196 -1.6524793 ]
[-1.16445583 -0.02002076  1.62493175]
[ 1.34719234 -0.00849293 -1.79283841]
[1.91954798 0.08525097 1.29976355]
[-1.66604406 -0.12240875 -0.13383971]
[-1.27571848  0.0081065   1.70841112]
[ 1.30752861 -0.15599748 -2.02061048]
[ 1.42626094  0.05235575 -0.05966403]
[ 1.6336877   0.01509038 -0.66758153]
[ 1.41813878 -0.12312422 -2.0031991 ]
[ 1.4684757  -0.05936309  2.84047252]
[-1.3028345  -0.00922492  1.58824566]
[1.73913293 0.04346551 1.45720507]
[ 0.05971635 -0.30521298 -0.00847046]
[ 0.06032179 -0.30639874 -0.00655879]
[-2.05500425 -0.00259864 -0.00728283]
[-2.11711698  0.01536658 -0.00811165]
[ 0.0664935  -0.29950715 -0.00204711]
[ 0.0625293  -0.30848377 -0.00601636]
[ 0.03664414 -0.30601459 -0.00522928]
[-2.05178553  0.00587063 -0.0069975 ]
[-2.12646166  0.01145278 -0.01690011]
[ 0.06531108 -0.30280875 -0.00511706]
[ 0.08241562 -0.25703728 -0.0104492 ]
[ 0.05802806 -0.30460595 -0.00685514]
[-2.0524178   0.02963398 -0.00914899]
[-2.05899206e+00 -1.79739263e-03 -1.06255362e-02]
[ 0.05210342 -0.30442907 -0.01261531]
[-2.0538863  -0.00446906 -0.00823495]
[-2.05304182e+00  1.81023154e-03 -3.70736601e-03]
[-2.03249059  0.00830746 -0.01226445]
[-1.25866769 -0.02264921  0.02638095]
[ 0.09583602 -0.24322492 -0.01498079]
[ 0.0812713  -0.31093427 -0.01081301]
[ 0.06322732 -0.2867381  -0.00627489]
[ 0.9200982   0.03213889 -0.60057254]
[ 0.06788124 -0.30768599 -0.0072869 ]
[ 0.06933668 -0.25671898 -0.0031456 ]
[ 0.06874789 -0.30435873 -0.01214749]
[-2.24955976  0.01786072 -0.00329426]
[-2.0495671   0.00811903 -0.01105492]
[-2.23767039 -0.01485174 -0.01785975]
[ 0.05854978 -0.29951639 -0.00565846]
[ 0.08423592 -0.24506919 -0.00377379]
[-2.04975755 -0.00400562 -0.00506403]
[ 0.05738249 -0.30662843 -0.00138116]
[-2.05353760e+00 -1.69704858e-03 -5.57395274e-03]
[ 0.07434077 -0.3068026  -0.01126512]
[-2.05341825  0.00910967 -0.00824581]
[ 0.06023054 -0.3078051  -0.00533276]
[ 0.03708667 -0.30685486 -0.00734135]
[ 0.06252371 -0.29429435 -0.00399596]
[-2.10502864  0.00654761 -0.02136916]
[ 0.06795126 -0.31158434 -0.01057874]
[-2.01451708  0.00476439 -0.01785268]
[-1.98682341 -0.02264539 -0.01597546]
[ 0.0636009  -0.30450633 -0.00844276]
[ 0.04911969 -0.29849659 -0.01168162]
[ 0.05886867 -0.29568624 -0.00575305]
[-2.1199255   0.01697593 -0.00939337]
[ 0.06548374 -0.31107515 -0.00438933]
[ 0.04572129 -0.30037519 -0.01289074]
[-2.00605173e+00 -1.60154082e-03 -2.03955439e-02]
[-2.05386944  0.00859313 -0.00568249]
[ 0.05278238 -0.3054929  -0.0026386 ]
[-2.01341661  0.00616669 -0.0160319 ]
[ 0.05782395 -0.30489926 -0.00389001]
[-2.09471262e+00 -9.85823577e-04 -1.86677254e-02]
[-2.01550829e+00 -3.44441997e-04 -1.88264783e-02]
[ 0.05792823 -0.30539784 -0.00409117]
[ 0.06816056 -0.29685703 -0.00239418]
[-2.07743952  0.01575515 -0.01258785]
[-2.04470041  0.0132501  -0.01743472]
[ 0.06862465 -0.30322727 -0.00909886]
[ 0.0629577  -0.30546155 -0.00768434]
[ 0.07317189 -0.22865864 -0.00924468]
[ 0.07045832 -0.3008675  -0.00358951]
[ 0.03450283 -0.30857347 -0.00992877]
[ 0.06632631 -0.2992879  -0.00484256]
[ 0.06115741 -0.30246981 -0.00655864]
