0.017623357
0.023424
0.030983353
0.013604225
0.024524208
0.02226882
0.040434558
0.020450618
0.046556097
0.040343136
0.027960736
0.023044512
0.011339187
0.021566806
0.01994479
0.0386173
0.024895947
0.018119821
0.08641586
0.026444782
0.017639633
0.21147813
0.024676573
0.028227523
0.049339168
0.09473653
0.022950154
0.027076341
0.06247603
0.018194338
0.0456836
0.022125011
0.047563814
0.047037482
0.022006402
0.037961606
0.044525705
1.0769248
0.018958889
0.019361254
0.01769272
0.019904938
0.022142706
0.028087419
0.06884962
0.034973424
0.018277839
0.08300781
0.02159034
0.022028694
0.10454098
0.10778401
0.02628128
0.04444143
0.10697169
0.11273244
0.109478556
0.039168287
0.040224113
0.103513315
0.09973887
0.10705159
0.043004803
0.026853083
0.11145097
0.026997525
0.026074264
0.031827066
0.03210479
0.09702795
0.09405972
0.10601978
0.11233688
0.11015276
0.09820082
0.10654939
0.05379371
0.029091233
0.027552811
0.108578116
0.094120964
0.025403311
0.09801722
0.027569333
0.11048099
0.03517606
0.11371988
0.10765115
0.10230454
0.03680607
0.116969734
0.031234615
0.03078526
0.09852629
0.104015805
0.10405063
0.045214787
0.107630104
0.10687621
0.029537844