0.070506886
0.061280616
0.046562646
0.06348124
0.058182877
0.056347724
0.04922506
0.057242233
0.038640633
0.020965688
0.06600733
0.058494642
0.058673494
0.05692041
0.05405896
0.05353965
0.04979956
0.06468215
0.03380401
0.048878457
0.049696065
0.06261582
0.057772078
0.04253136
0.034681097
0.024425022
0.05243251
0.02914947
0.043805573
0.030155553
0.028950935
0.05316404
0.04692239
0.049677335
0.025902975
0.027575891
0.04478798
0.045800757
0.059764046
0.025085885
0.042297736
0.05803165
0.054346196
0.049645983
0.037360433
0.04496726
0.0490505
0.038511805
0.063825935
0.01720581
0.05743006
0.05418033
0.061831813
0.056116898
0.052480195
0.06278183
0.05960429
0.033142447
0.056425963
0.06222367
0.06927688
0.06556731
0.05833081
0.031000765
0.047520902
0.0722383
0.019141015
0.048271157
0.05686022
0.04045881
0.064317755
0.064655
0.053530846
0.054134734
0.024037724
0.025852997
0.055756915
0.06858151
0.049173642
0.05114274
0.059813887
0.060150977
0.060048074
0.054451168
0.06333631
0.054369014
0.057296462
0.05517131
0.06619818
0.067927904
0.053980958
0.061492797
0.05554095
0.01783639
0.05927434
0.018410712
0.0593701
0.056604642
0.06046963
0.051502742