0.0021415004
0.0063974056
0.00321464
0.004688109
0.0029632028
0.0027358625
0.0071290443
0.0039677
0.007212197
0.001876907
0.006363046
0.0026176642
0.003879575
0.0028840802
0.0063958904
0.004090625
0.0070182947
0.006881731
0.0021159658
0.011361928
0.017426431
0.0052573723
0.0113640735
0.0042577274
0.0041056904
0.0145350285
0.0039763283
0.009304108
0.008092093
0.008349379
0.0050624902
0.0036422408
0.0074843285
0.0058210054
0.0054170093
0.007650539
0.004447692
0.0037414497
0.004914836
0.0028624993
0.009975995
0.008535872
0.00614137
0.0028949084
0.0065535745
0.005024009
0.0052924217
0.005485272
0.0061470554
0.00829191
0.0076164845
0.007440581
0.012256503
0.008792024
0.01873567
0.010874055
0.008029071
0.004883286
0.0035855738
0.011495355
0.006739948
0.0089557525
0.0033056932
0.017279945
0.009096789
0.009536699
0.008100545
0.0043054316
0.0070538083
0.0063982285
0.0070419386
0.008546722
0.007866877
0.008348978
0.0065389136
0.007600099
0.002379645
0.009367122
0.00959213
0.018205935
0.0065135905
0.0064593926
0.01772506
0.0067693465
0.0071858778
0.0050037615
0.007440226
0.006948532
0.005744315
0.0066017774
0.0019466608
0.008743631
0.009539235
0.004492097
0.0035363669
0.012676226
0.004840979
0.009323302
0.008558376
0.0056344625