[-0.00154786 -0.00021581  0.00020488]
[-9.08715062e-05 -8.91806073e-05 -9.51069981e-04]
[-4.67244674e-04  4.55132662e-05 -1.35141669e-03]
[-0.00050881  0.00025497  0.0031366 ]
[-7.95784465e-04 -1.82721662e-05 -3.06675595e-03]
[-3.39902450e-04  4.11649598e-05 -2.92519785e-03]
[0.00245643 0.00017201 0.00551204]
[-2.92169259e-04 -2.47020762e-06  1.24592029e-03]
[ 3.03222440e-03 -2.94578767e-05  1.54434265e-05]
[ 0.00346377 -0.00012698  0.00019114]
[ 2.56830167e-04 -2.11611823e-05  1.42183319e-03]
[ 0.00086255 -0.00017259 -0.00104609]
[ 6.48145046e-04  8.16221410e-05 -6.22583835e-03]
[-7.17963357e-04  3.20700392e-05  1.70472772e-03]
[ 1.64952302e-04 -9.19363472e-05  7.95545639e-04]
[1.68182886e-04 5.76200308e-05 1.55640148e-03]
[ 2.63974459e-04 -4.57445849e-05  9.11271091e-04]
[-0.00032407 -0.000262    0.00171841]
[ 1.17219025e-03 -8.62639232e-05 -1.26221279e-03]
[ 2.34850615e-03 -3.20487779e-05 -4.98384488e-04]
[ 0.0022243   0.0002082  -0.00347128]
[ 2.44664940e-04  5.83663313e-05 -1.22349694e-04]
[ 0.00262606 -0.00023188 -0.00129896]
[-0.0010767  -0.00015586 -0.00186984]
[-1.46565266e-03  8.06387250e-05 -5.09515334e-03]
[ 9.69691477e-04  8.19457805e-05 -1.90698558e-03]
[-9.81022408e-04  6.13304764e-05 -6.18573256e-03]
[ 3.37420612e-03 -3.48901677e-05 -9.56485853e-04]
[-2.52789170e-03 -2.65272808e-05  8.44906818e-04]
[-1.14018833e-03 -2.88454383e-05 -1.88311513e-03]
[9.62498352e-04 2.84158149e-05 4.33387288e-04]
[5.47993331e-04 4.53758002e-05 1.35546740e-03]
[ 0.00024157 -0.00023238  0.00699587]
[ 3.68326133e-03 -2.51644069e-05 -4.35648648e-03]
[ 1.11729702e-03 -4.05392347e-05  9.64108492e-04]
[ 1.24033666e-03 -9.24410831e-05  4.04178916e-03]
[-0.00290849 -0.00010691  0.0010276 ]
[-8.65707093e-04 -9.38149368e-05 -4.79398862e-03]
[ 2.15404648e-03 -1.98219265e-05  2.45779609e-03]
[-0.00154517  0.00012071 -0.00335897]
[-0.00411735 -0.00032773  0.00362354]
[-8.89899578e-04  1.81958199e-06 -1.81764606e-03]
[0.00259904 0.00015443 0.00122899]
[ 1.23275023e-03 -9.43687217e-05 -2.14295306e-03]
[ 1.85347468e-03 -6.20766804e-05  3.95083479e-03]
[0.00090581 0.00010593 0.00238069]
[-0.0011773   0.00017842 -0.00709147]
[ 1.35245465e-03 -7.90139939e-05  5.25849207e-03]
[8.73166512e-04 2.09052620e-05 2.33485766e-03]
[-0.00017933 -0.00014021 -0.00190126]
[ 0.00297292 -0.00010483 -0.00478017]
[ 1.39609743e-03  1.13234595e-05 -2.64270243e-03]
[ 3.42904094e-04 -7.07581805e-05  1.92865826e-04]
[2.34981442e-03 7.66063698e-05 2.22559137e-03]
[ 0.00205316  0.00018165 -0.00367688]
[ 0.00063035 -0.00016051  0.00112397]
[ 3.95309992e-04 -4.38827036e-05  6.16490924e-03]
[ 0.00010583 -0.00016573 -0.00013824]
[-4.56838047e-04  1.43865786e-05 -2.19714243e-03]
[-7.31619628e-04  1.75071806e-06 -3.64100521e-03]
[-0.00143211 -0.00026941 -0.0054678 ]
[-0.00112368 -0.00040243  0.00250436]
[ 1.22903977e-03 -7.16263041e-05  1.00442997e-03]
[ 2.01847691e-03  4.74490298e-05 -3.81005504e-03]
[-0.00082588 -0.00022329  0.00042772]
[1.02069248e-03 1.57025224e-05 7.87543251e-03]
[1.21138920e-03 1.58063779e-06 4.70602579e-03]
[1.19480240e-03 2.97957513e-05 4.05016122e-03]
[ 0.00017294 -0.00012543 -0.00062245]
[-0.00103785 -0.00011556  0.00186578]
[ 0.00059812 -0.0001357   0.00235916]
[-0.00015405 -0.00015667  0.00297528]
[ 3.86749253e-03 -9.90108875e-05 -3.11201815e-03]
[-0.00146802  0.00020198 -0.00234988]
[ 0.00150889  0.00011126 -0.00531537]
[ 2.24085188e-03 -5.34107764e-05  2.13557956e-03]
[ 2.52470394e-03 -2.84565431e-05  1.19291065e-03]
[ 0.00223712  0.00011909 -0.0027556 ]
[ 2.92293986e-03 -5.56317843e-05 -3.75960638e-03]
[ 2.21435393e-03  9.86424185e-05 -4.20206693e-03]
[ 0.00144367 -0.00022212 -0.00044622]
[ 0.00123206 -0.00033525 -0.00654814]
[ 0.00230724  0.00014186 -0.0044282 ]
[5.84096628e-04 4.85748675e-06 1.99913217e-04]
[ 5.86054617e-04  3.95270022e-05 -2.74148360e-03]
[-1.11474217e-03  4.14723242e-05 -3.56056056e-04]
[ 0.00044683 -0.00015333 -0.00120926]
[ 0.00280036 -0.00037147 -0.00235432]
[1.96872796e-03 9.73949308e-05 3.11601863e-03]
[7.24665095e-04 8.11101367e-05 3.96233351e-03]
[ 2.32816582e-04 -5.31023667e-05 -1.74412795e-03]
[ 2.55196810e-05  6.80548101e-06 -1.76143248e-03]
[ 0.00114198  0.00014838 -0.00549208]
[ 0.00057388 -0.00012054  0.00669199]
[-2.25772857e-03 -2.60269332e-05 -3.99977076e-03]
[ 1.41815378e-03  2.11413341e-05 -5.16269334e-03]
[ 0.00263833 -0.00010114 -0.00043094]
[ 2.19541453e-04 -5.82404480e-05 -4.98397961e-03]
[ 2.77047161e-03 -3.82736948e-07 -1.60185714e-03]
[ 6.33467521e-04 -3.55530413e-05 -5.19987015e-03]
[ 2.92699529e-03 -3.45617892e-05  4.19926680e-04]
[ 0.00279094 -0.00019286  0.00305763]
[ 0.00080964 -0.00018349 -0.00418425]
